	/m/0jzz6n6	2012 Summer Olympics	2012-07-20	40	Bletchingley	Mariusz Czerkawski
	/m/0jzzp5v	2012 Summer Olympics	2012-07-25	31	London Borough of Haringey	Pernilla Ohrstedt
	/m/0jzz7g6	2012 Summer Olympics	2012-07-24	32	London Borough of Richmond upon Thames	Angela Ruggiero
	/m/0jzzn4h	2012 Summer Olympics	2012-07-07	39	Waltham Abbey	Qiangdong Liu
	/m/0jvv35q	2012 Summer Olympics	2012-07-21	21	London Borough of Hackney	Jamal Edwards
	/m/0jzz4cl	2012 Summer Olympics	2012-06-03	52	Larne	Trevor Ringland
	/m/0jzzfqd	2012 Summer Olympics	2012-07-20	42	Gravesend	Fiona May
	/m/0jvjbk6	2012 Summer Olympics	2012-07-21	42	London Borough of Hackney	Artur Partyka
	/m/0jzz3vr	2012 Summer Olympics	2012-05-30	50	Stoke-on-Trent	Imran Sherwani
	/m/0jzz718	2012 Summer Olympics	2012-07-24	34	Royal Borough of Kingston upon Thames	Adam Pengilly
	/m/0jzz8ry	2012 Summer Olympics	2012-07-25	39	London Borough of Brent	Pedro Yang
	/m/0jvtxwy	2012 Summer Olympics	2012-05-21	37	Taunton	Will.i.am
	/m/0jvxhyf	2012 Summer Olympics	2012-05-26	29	Cardiff	Matt Smith
	/m/0jzz65m	2012 Summer Olympics	2012-07-13	44	Weymouth	Andrea Snow
	/m/0jzzkp5	2012 Summer Olympics	2012-06-14	31	Duddingston	Andrew Murray
	/m/0jzzdd6	2012 Summer Olympics	2012-06-11	49	Stornoway	Kirsty Wade
	/m/0jzz58g	2012 Summer Olympics	2012-06-24	31	Brighouse	Bambang Pamungkas
	/m/0jzz4nf	2012 Summer Olympics	2012-06-22	26	Blackpool	John Farnworth
	/m/0jzz8jx	2012 Summer Olympics	2012-07-24	34	London Borough of Hillingdon	Rania Elwani
	/m/0jvjbn1	2012 Summer Olympics	2012-06-23	36	Manchester	Lee-Hom Wang
	/m/0jvjq6j	2008 Summer Olympics				Lee-Hom Wang
	/m/0jzz9gf	2012 Summer Olympics	2012-05-21	36	Taunton	Marcus Trescothick
